$ time python zonal_stats.py test.shp terrain/slope.tif
    count  fid  max       mean  min        std    sum
0     203    0   96  65.876847    3  17.968489  13373
1     130    1   90  60.100000    3  16.728994   7813
2    1341    2  102  53.211037    2  17.901655  71356
3     130    3   90  60.100000    3  16.728994   7813
4     132    4   64  15.962121    1  15.360519   2107
5     132    5   53  31.515152   17   7.970100   4160
6     131    6   42   9.893130    0   8.168317   1296
7     132    7   64  28.712121    2  14.853594   3790
8     133    8   54  35.548872   11   8.878856   4728
9     131    9   82  52.297710    4  17.349877   6851
10    131   10   11   3.030534    0   1.781752    397
11    134   11   57  10.156716    1  11.960042   1361
12    133   12   45  19.000000    0  13.727750   2527
13    132   13   64  26.507576    1  18.848075   3499
14    132   14   94  52.787879    1  22.297585   6968
15    131   15   84  19.450382    1  15.992944   2548
16    132   16   52  11.583333    0  11.538501   1529
17    132   17  108  53.515152    6  18.198603   7064
18    341   18   76  39.117302    9  11.540482  13339
19    337   19   57  19.988131    4   9.593512   6736
20    336   20   78  48.636905   11  13.357014  16342
21    338   21    3   0.855030    0   0.527067    289
22    337   22   34   5.347181    0   7.069888   1802
23    341   23    0   0.000000    0   0.000000      0
24    341   24   42  16.612903    0   9.041271   5665
25    337   25  128  78.848665    5  18.689028  26572
26    341   26   29   7.973607    1   5.341357   2719
27    339   27   78  35.616519    5  14.455317  12074
28    341   28   65  20.199413    0  16.636394   6888
29    340   29   84  35.855882    1  17.022989  12191
30    338   30   96  61.440828    2  16.703587  20767
31    340   31  101  57.832353    8  18.161971  19663

real    0m1.311s
user    0m0.372s
sys     0m0.752s


#### Starspan equivalent
$ time starspan --vector test.shp --out-prefix testout --out-type table \
--summary-suffix _stats.csv --raster terrain/slope.tif \
--stats avg mode median min max sum stdev nulls && \
cat testout_stats.csv
  1: Extracting from /usr/local/apps/land_owner_tools/lot/fixtures/downloads/terrain/slope.tif
Summary:
  Intersecting features: 32
      Polygons: 32

  Processed pixels: 8379

real    0m1.440s
user    0m0.944s
sys     0m0.296s
